 -11.246 
         
 -8.895  
         
 -7.270  
         
 -6.050  
         
 -5.111  
         
 -4.392  
         
 -3.123  
         
 -3.044  
         
 -2.966  
         
 -2.889  
         
 -2.813  
         
 -2.737  
         
 -2.663  
         
 -2.589  
         
 -2.516  
         
 -2.444  
         
 -2.372  
         
 -2.302  
         
 -2.232  
         
 -2.163  
         
 -2.095  
         
 -2.027  
         
 -1.961  
         
 -1.895  
         
 -1.830  
         
 -1.766  
         
 -1.702  
         
 -1.640  
         
 -1.578  
         
 -1.517  
         
 -1.457  
         
 -1.397  
         
 -1.339  
         
 -1.281  
         
 -1.224  
         
 -1.167  
         
 -1.112  
         
 -1.057  
         
 -1.003  
         
 -0.950  
         
 0.855   
         
 0.860   
         
 0.865   
         
 0.870   
 
 0.875 

 0.880 

 0.885 

 0.890 

 0.895 

 0.900 

 0.905 

 0.910 

 0.915 

 0.920 

 0.925 

0.930 

0.935 

0.940 

0.945 

0.950 

0.955 

0.960 

0.965 

0.970 

0.975 

0.980 

0.985 

0.990 

0.995 

1.000 

1.005 

1.010 

1.015 

1.020 

1.025 

1.030 

1.035 

1.040 

1.045 

1.050 

1.055 

1.060 

1.065 

1.070 

1.075 

1.080 

1.085 

1.090 

1.095 

1.100 

1.105 

1.110 

1.115 

1.120 

1.125 

1.130 

1.135 

1.140 

1.145 

2.950 

3.003 

3.057 

3.112 

3.167 

3.224 

3.281 

3.339 

3.397 

3.457 

3.517 

 3.578 

3.640 

3.702 

3.766 

3.830 

3.895 

3.961 

4.027 

4.095 

4.163 

4.232 

4.302 

4.372 

4.444 

4.516 

4.589 

4.663 

4.737 

4.813 

4.889 

4.966 

5.044 

5.123 

6.392 

7.111 

8.050 

9.270 

10.895 