-10.079
 
 -8.237 
 
 -6.884 
 
 -5.849 
 
 -5.053 
 
 -4.453 
 
 -4.187 
 
 -4.157 
 
 -4.127 
 
 -4.096 
 
 -4.066 
 
 -4.036 
 
 -3.977 
 
 -3.947 
 
 -3.917 
 
 -3.888 
 
 -3.859 
 
 -3.829 
 
 -3.800 
 
 -3.771 
 
 -3.742 
 
 -3.684 
 
 -3.598 
 
 -3.513 
 
 -3.429 
 
 -3.345 
 
 -3.263 
 
 -3.181 
 
 -3.100 
 
 -3.020 
 
 -2.941 
 
 -2.862 
 
 -2.785 
 
 -2.708 
 
 -2.632 
 
 -2.557 
 
 -2.483 
 
 -2.409 
 
 -2.336 
 
 -2.265 
 
 -2.194 
 
 -2.123 
 
 -2.054 
 
 -1.985 
 
 -1.918 
 
 -1.851 
 
  -1.784
 
 -1.719
 
 -1.654
 
 -1.591
 
 -1.528
 
 -1.465
 
 -1.404
 
 -1.344
 
 1.000 
 
  1.000
 
 1.000 
 
 1.000 
 
 1.000 
 
 1.000 
 
 1.000 
 
 1.000 
 
 1.000 
 
 1.000 
 
 1.000 
 
 1.000 
 
 1.000 
 
 1.000 
 
 1.000 
 
 1.000 
 
 1.000 
 
 1.000 
 
 1.000 
 
 1.000 
 
 1.000 
 
 1.000 
 
 1.000 
 
 1.000 
 
 1.000 
 
 1.000 
 
 1.000 
 
 1.000 
 
 1.000 
 
 1.000 
 
 1.000 
 
 1.000 
 
 1.000 
 
 1.000 
 
 1.000 
 
 3.344 
 
 3.404 
 
 3.465 
 
 3.528 
 
 3.591 
 
 3.654 
 
 3.719 
 
 3.784 
 
 3.851 
 
 3.918 
 
 3.985 
 
 4.054 
 
   4.123 
 
  4.194 
 
  4.265 
 
  4.336 
 
  4.409 
 
  4.483 
 
  4.557 
 
  4.632 
 
 4.708 
 
  4.785 

4.862 

4.941 

5.020 

5.100 

5.181 

5.263 

5.345 

5.429 

5.513 

5.598 

5.684 

5.742 

5.771 

5.800 

5.829 

 5.859 

 5.888 

 5.917 

 5.947 

 5.977 

 6.036 

 6.066 

 6.096 

 6.127 

 6.157 

 6.187 

 6.453 

 7.053 

 7.849 

 8.884 

 10.237