  -9.89500
  -8.27000
  -7.05000
  -6.11100
  -5.39200
  -4.12300
  -4.04400
  -3.96600
  -3.88900
  -3.81300
  -3.73700
  -3.66300
  -3.58900
  -3.51600
  -3.44400
  -3.37200
  -3.30200
  -3.23200
  -3.16300
  -3.09500
  -3.02700
  -2.96100
  -2.89500
  -2.83000
  -2.76600
  -2.70200
  -2.64000
  -2.57800
  -2.51700
  -2.45700
  -2.39700
  -2.33900
  -2.28100
  -2.22400
  -2.16700
  -2.11200
  -2.05700
  -2.00300
  -1.95000
  -0.14500
  -0.14000
  -0.13500
  -0.13000
  -0.12500
  -0.12000
  -0.11500
  -0.11000
  -0.10500
  -0.10000
  -0.09500
  -0.09000
  -0.08500
  -0.08000
  -0.07500
  -0.07000
  -0.06500
  -0.06000
  -0.05500
  -0.05000
  -0.04500
  -0.04000
  -0.03500
  -0.03000
  -0.02500
  -0.02000
  -0.01500
  -0.01000
  -0.00500
  -0.00000
   0.00500
   0.01000
   0.01500
   0.02000
   0.02500
   0.03000
   0.03500
   0.04000
   0.04500
   0.05000
   0.05500
   0.06000
   0.06500
   0.07000
   0.07500
   0.08000
   0.08500
   0.09000
   0.09500
   0.10000
   0.10500
   0.11000
   0.11500
   0.12000
   0.12500
   0.13000
   0.13500
   0.14000
   0.14500
   1.95000
   2.00300
   2.05700
   2.11200
   2.16700
   2.22400
   2.28100
   2.33900
   2.39700
   2.45700
   2.51700
   2.57800
   2.64000
   2.70200
   2.76600
   2.83000
   2.89500
   2.96100
   3.02700
   3.09500
   3.16300
   3.23200
   3.30200
   3.37200
   3.44400
   3.51600
   3.58900
   3.66300
   3.73700
   3.81300
   3.88900
   3.96600
   4.04400
   4.12300
   5.39200
   6.11100
   7.05000
   8.27000
   9.89500