   -9.9640000
   -8.3420000
   -7.1240000
   -6.1880000
   -5.4720000
   -4.2050000
   -4.1290000
   -4.0530000
   -3.9790000
   -3.9050000
   -3.8320000
   -3.7600000
   -3.6880000
   -3.6180000
   -3.5480000
   -3.4790000
   -3.4110000
   -3.3440000
   -3.2770000
   -3.2120000
   -3.1470000
   -3.0830000
   -3.0190000
   -2.9570000
   -2.8950000
   -2.8340000
   -2.7740000
   -2.7150000
   -2.6560000
   -2.5980000
   -2.5410000
   -2.4850000
   -2.4290000
   -2.3750000
   -2.3210000
   -2.2670000
   -2.2140000
   -2.1630000
   -2.1120000
   -0.3080000
   -0.3050000
   -0.3020000
   -0.2990000
   -0.2950000
   -0.2920000
   -0.2880000
   -0.2850000
   -0.2820000
   -0.2790000
   -0.2750000
   -0.2710000
   -0.2680000
   -0.2630000
   -0.2600000
   -0.2560000
   -0.2520000
   -0.2480000
   -0.2450000
   -0.2410000
   -0.2360000
   -0.2320000
   -0.2290000
   -0.2240000
   -0.2200000
   -0.2160000
   -0.2100000
   -0.2060000
   -0.2020000
   -0.1820000
   -0.1660000
   -0.1460000
   -0.1240000
   -0.1040000
   -0.0790000
   -0.0520000
   -0.0260000
    0.0040000
    0.0360000
    0.0660000
    0.1020000
    0.1400000
    0.1740000
    0.2160000
    0.2580000
    0.2980000
    0.3440000
    0.3930000
    0.4370000
    0.4890000
    0.5420000
    0.5910000
    0.6480000
    0.7070000
    0.7610000
    0.8230000
    0.8880000
    0.9460000
    1.0140000
    1.0750000
    1.1390000
    1.1890000
    1.2510000
    1.3180000
    1.3880000
    1.4500000
    1.5270000
    1.6080000
    1.6920000
    1.7660000
    1.8580000
    1.9540000
    2.0530000
    2.1570000
    2.2460000
    2.3570000
    2.4710000
    2.5890000
    2.6910000
    2.8170000
    2.9470000
    3.0800000
    3.2180000
    3.3360000
    3.4800000
    3.6290000
    3.7820000
    3.9130000
    4.0740000
    4.2390000
    4.4070000
    4.5520000
    4.9820000
    5.6130000
    6.4440000
    7.5230000
    8.9380000
   10.8840000