-11.079

-9.237 

-7.884 

-6.849 

-6.053 

-5.453 

-5.187 

-5.157 

-5.127 

-5.096 

-5.066 

-5.036 

-4.977 

-4.947 

-4.917 

-4.888 

-4.859 

-4.829 

-4.800 

-4.771 

-4.742 

-4.684 

-4.598 

-4.513 

-4.429 

-4.345 

-4.263 

-4.181 

-4.100 

-4.020 

-3.941 

-3.862 

-3.785 

-3.708 

-3.632 

-3.557 

-3.483 

-3.409 

-3.336 

-3.265 

-3.194 

-3.123 

-3.054 

-2.985 

-2.918 

-2.851 

-2.784

-2.719

-2.654

-2.591

-2.528

-2.465

-2.404

-2.344

  0

  0   
  
  0.000 
  
  0.000 
  
  0.000 
  
  0.000 
  
  0.000 
  
  0.000 
  
  0.000 
  
  0.000 
  
  0.000 
  
  0.000 
  
  0.000 
  
  0.000 
  
  0.000 
  
  0.000
  
  0.000
  
  0.000 
  
  0.000 
  
  0.000 
  
  0.000 
  
  0.000 
  
  0.000 
  
  0.000 
  
  0.000 
  
  0.000 
  
  0.000 
  
  0.000 
  
  0.000 
  
  0.000 
  
  0.000 
  
  0.000 
  
  0.000 
  
  0.000 
  
  0.000 
  
  2.344 
  
  2.404 
  
  2.465 
  
  2.528 
  
  2.591 
  
  2.654 
  
  2.719 
  
  2.784 
  
  2.851 
  
  2.918 
  
  2.985 
  
  3.054 
  
   3.123 

 3.194 

 3.265 

 3.336 

 3.409 

 3.483 

 3.557 

 3.632 

 3.708 

 3.785 

3.862 

3.941 

4.020 

4.100 

4.181 

4.263 

4.345 

4.429 

4.513 

4.598 

4.684 

4.742 

4.771 

4.800 

4.829 

4.859 

4.888 

4.917 

4.947 

4.977 

5.036 

5.066 

5.096 

5.127 

5.157 

5.187 

5.453 

6.053 

6.849 

7.884 

9.237 

11.079 
