-10.95400
   -9.01000
   -7.59700
   -6.52100
   -5.69200
   -5.06400
   -4.63600
   -4.49400
   -4.32800
   -4.16600
   -4.00800
   -3.87900
   -3.72900
   -3.58200
   -3.44000
   -3.32400
   -3.18900
   -3.05800
   -2.93100
   -2.80800
   -2.70900
   -2.59300
   -2.48100
   -2.37300
   -2.28600
   -2.18500
   -2.08800
   -1.99500
   -1.90600
   -1.83400
   -1.75200
   -1.67300
   -1.59800
   -1.53900
   -1.47100
   -1.40700
   -1.34600
   -1.29900
   -1.23600
   -1.17700
   -1.11100
   -1.05500
   -0.99200
   -0.93100
   -0.87900
   -0.82200
   -0.76600
   -0.71900
   -0.66700
   -0.61600
   -0.57400
   -0.52700
   -0.48100
   -0.44300
   -0.40200
   -0.36100
   -0.32800
   -0.29200
   -0.25700
   -0.22700
   -0.19700
   -0.16700
   -0.14200
   -0.11600
   -0.09200
   -0.07100
   -0.05100
   -0.03200
   -0.00000
    0.03200
    0.05100
    0.07100
    0.09200
    0.11600
    0.14200
    0.16700
    0.19700
    0.22700
    0.25700
    0.29200
    0.32800
    0.36100
    0.40200
    0.44300
    0.48100
    0.52700
    0.57400
    0.61600
    0.66700
    0.71900
    0.76600
    0.82200
    0.87900
    0.93100
    0.99200
    1.05500
    1.11100
    1.17700
    1.23600
    1.29900
    1.34600
    1.40700
    1.47100
    1.53900
    1.59800
    1.67300
    1.75200
    1.83400
    1.90600
    1.99500
    2.08800
    2.18500
    2.28600
    2.37300
    2.48100
    2.59300
    2.70900
    2.80800
    2.93100
    3.05800
    3.18900
    3.32400
    3.44000
    3.58200
    3.72900
    3.87900
    4.00800
    4.16600
    4.32800
    4.49400
    4.63600
    5.06400
    5.69200
    6.52100
    7.59700
    9.01000
   10.95400