  -11.288248
   -8.090702
   -6.422260
   -5.535998
   -4.747938
   -4.055439
   -3.503910
   -3.455995
   -3.388559
   -3.321706
   -3.008590
   -2.872756
   -2.740155
   -2.558900
   -2.450275
   -2.311308
   -2.129874
   -2.046407
   -1.964280
   -1.782155
   -1.691961
   -1.631185
   -1.557807
   -1.408038
   -1.302497
   -1.200879
   -1.080652
   -0.977142
   -0.888196
   -0.774256
   -0.723036
   -0.691424
   -0.660050
   -0.494549
   -0.467462
   -0.448377
   -0.429667
   -0.261100
   -0.245404
   -0.230108
   -0.062785
   -0.037631
    0.046522
    0.060343
    0.196044
    0.203522
    0.215871
    0.339858
    0.346770
    0.358102
    0.365588
    0.376912
    0.534227
    0.552172
    0.565591
    0.664833
    0.673569
    0.683058
    0.695801
    0.799296
    0.813723
    0.828238
    0.844090
    0.909888
    0.919078
    0.948313
    0.958257
    0.965227
    1.000000
    1.034773
    1.041743
    1.051687
    1.080922
    1.090112
    1.155910
    1.171762
    1.186277
    1.200704
    1.304199
    1.316942
    1.326431
    1.335167
    1.434409
    1.447828
    1.465773
    1.623088
    1.634412
    1.641898
    1.653230
    1.660142
    1.784129
    1.796478
    1.803956
    1.939657
    1.953478
    2.037631
    2.062785
    2.230108
    2.245404
    2.261100
    2.429667
    2.448377
    2.467462
    2.494549
    2.660050
    2.691425
    2.723036
    2.774256
    2.888196
    2.977142
    3.080652
    3.200879
    3.302497
    3.408038
    3.557807
    3.631185
    3.691961
    3.782155
    3.964280
    4.046407
    4.129874
    4.311309
    4.450275
    4.558900
    4.740156
    4.872756
    5.008590
    5.321706
    5.388559
    5.455995
    5.503911
    6.055439
    6.747939
    7.535999
    8.422261
   10.090704
   13.288250