  -11.21600
   -3.33000
   -3.30700
   -3.28500
   -3.26200
   -3.24000
   -3.21700
   -3.19500
   -3.17200
   -3.15000
   -3.12900
   -3.10500
   -3.08500
   -3.06000
   -3.03700
   -3.01500
   -2.99200
   -2.97000
   -2.94700
   -2.92500
   -2.90200
   -2.88000
   -2.85700
   -2.83500
   -2.81200
   -2.79000
   -2.76700
   -2.74500
   -2.72200
   -2.70000
   -2.66700
   -2.65500
   -2.63200
   -2.61000
   -2.58700
   -2.56500
   -2.54200
   -2.52000
   -2.47970
   -2.47500
   -2.45200
   -2.43000
   -2.40700
   -0.12500
   -0.12000
   -0.11500
   -0.11000
   -0.10500
   -0.10000
   -0.09500
   -0.09000
   -0.08500
   -0.08000
   -0.07500
   -0.07000
   -0.06500
   -0.06000
   -0.05500
   -0.05000
   -0.04500
   -0.04000
   -0.03500
   -0.03000
   -0.02500
   -0.02000
   -0.01500
   -0.01000
   -0.00500
    0.00000
    0.00500
    0.01000
    0.01500
    0.02000
    0.02500
    0.03000
    0.03500
    0.04000
    0.04500
    0.05000
    0.05500
    0.06000
    0.06500
    0.07000
    0.07500
    0.08000
    0.08500
    0.09000
    0.09500
    0.10000
    0.10500
    0.11000
    0.11500
    0.12000
    0.12500
    2.40700
    2.43000
    2.45200
    2.47500
    2.47970
    2.52000
    2.54200
    2.56500
    2.58700
    2.61000
    2.63200
    2.65500
    2.66700
    2.70000
    2.72200
    2.74500
    2.76700
    2.79000
    2.81200
    2.83500
    2.85700
    2.88000
    2.90200
    2.92500
    2.94700
    2.97000
    2.99200
    3.01500
    3.03700
    3.06000
    3.08500
    3.10500
    3.12900
    3.15000
    3.17200
    3.19500
    3.21700
    3.24000
    3.26200
    3.28500
    3.30700
    3.33000
   11.21600