-10.216

-2.330 

-2.307 

-2.285 

-2.262 

-2.240 

-2.217 

-2.195 

-2.172 

-2.150 

-2.127 

-2.105 

-2.082 

-2.060 

-2.037 

-2.015 

-1.992 

-1.970 

-1.947 

-1.925 

-1.902 

-1.880 

-1.857 

-1.835 

-1.812 

-1.790 

-1.767 

-1.745 

-1.722 

-1.700 

-1.677 

-1.655 

-1.632 

-1.610 

-1.587 

-1.565 

-1.542 

-1.520 

-1.497 

-1.475 

-1.452 

-1.430 

-1.407 

0.875 

0.880 

0.885 

0.890 

0.895 

0.900 

0.905 

0.910 

0.915 

0.920 

0.925 

0.930

0.935

0.940 

0.945 

0.950 

0.955 

0.960 

0.965 

0.970 

0.975 

0.980 

0.985 

0.990 

0.995 

1.000 

1.005 

1.010 

1.015 

1.020 

1.025 

1.030 

1.035 

1.040 

1.045 

1.050 

1.055 

1.060 

1.065 

1.070 

1.075 

1.080 

1.085 

1.090 

1.095 

1.100 

1.105 

1.110 

1.115 

1.120 

1.125 

3.407 

3.430 

3.452 

3.475 

3.497 

3.520 

3.542 

3.565 

3.587 

3.610 

3.632 

3.655 

3.677 

3.700 

3.722 

3.745 

3.767 

3.790 

3.812 

3.835 

3.857 

3.880 

3.902 

3.925 

3.947 

3.970 

3.992 

4.015 

4.037 

4.060 

4.082 

4.105 

4.127 

4.150 

4.172 

4.195 

4.217 

4.240 

4.262 

4.285 

4.307 

4.330 